0 0.0346124 0.0692878 0.104046 0.138864 0.173681 0.208397 0.242882 0.276979 0.310507 0.343274 0.375078 0.405714 0.434983 0.462692 0.488663 0.512734 0.53476 0.554616 0.572194 0.587407 0.600183 0.610465 0.618211 0.623392 0.625986 
0 0.0371367 0.0743592 0.1117 0.149142 0.186619 0.224024 0.261209 0.297999 0.33419 0.369566 0.403899 0.436963 0.468533 0.498401 0.526372 0.552272 0.575946 0.597265 0.616119 0.632419 0.646095 0.657093 0.665373 0.670907 0.673679 
0 0.0396385 0.0793886 0.119298 0.159354 0.199489 0.239583 0.279473 0.318961 0.35782 0.395806 0.432665 0.468146 0.502002 0.534005 0.563945 0.591637 0.616919 0.639658 0.659743 0.677087 0.691624 0.703304 0.712091 0.717962 0.7209 
0 0.0420817 0.0843037 0.126731 0.169356 0.212107 0.254855 0.297417 0.339571 0.381065 0.421626 0.460972 0.498825 0.534917 0.568999 0.600847 0.630265 0.657088 0.681179 0.70243 0.720758 0.736102 0.748417 0.757675 0.763856 0.766949 
0 0.0444252 0.0890224 0.133874 0.178981 0.224268 0.26959 0.314749 0.359495 0.40355 0.446609 0.488363 0.528506 0.566747 0.602817 0.63648 0.667532 0.695802 0.721155 0.743487 0.762721 0.778804 0.791698 0.801383 0.807845 0.811077 
0 0.0466237 0.0934534 0.140592 0.188046 0.235737 0.283509 0.331141 0.378359 0.424854 0.470291 0.514332 0.556642 0.596908 0.634843 0.670199 0.702762 0.732363 0.758868 0.78218 0.802228 0.81897 0.832378 0.842439 0.849148 0.852502 
0 0.0486276 0.097497 0.146732 0.196347 0.24626 0.296303 0.346234 0.395752 0.444517 0.492166 0.538328 0.582643 0.624773 0.664416 0.701311 0.735242 0.766037 0.793567 0.817742 0.838504 0.855818 0.869668 0.880052 0.886971 0.890429 
0 0.0503839 0.101046 0.152133 0.203668 0.255565 0.307643 0.359641 0.411232 0.462047 0.51169 0.559763 0.605877 0.649676 0.690839 0.729097 0.764228 0.796063 0.824478 0.849393 0.870759 0.888554 0.902774 0.913424 0.920516 0.924059 
0 0.0518372 0.10399 0.156626 0.209779 0.263361 0.31718 0.370955 0.424335 0.476922 0.528293 0.578019 0.625689 0.670924 0.713391 0.75281 0.788957 0.821666 0.850818 0.876342 0.898201 0.916384 0.930898 0.94176 0.948988 0.952598 
0 0.0529311 0.106214 0.160038 0.214447 0.269353 0.324555 0.379754 0.434579 0.488606 0.541385 0.592462 0.641402 0.687808 0.731334 0.771692 0.808655 0.842059 0.871794 0.897794 0.920034 0.938514 0.953251 0.964271 0.9716 0.975259 
0 0.0536095 0.107604 0.162196 0.217437 0.273243 0.329406 0.385615 0.44148 0.496556 0.55037 0.602446 0.65233 0.699608 0.743921 0.784974 0.822539 0.856453 0.886608 0.91295 0.935459 0.954146 0.969036 0.980164 0.987562 0.991253 
0 0.053819 0.108053 0.162933 0.218523 0.274744 0.331383 0.388124 0.444562 0.500237 0.554659 0.607334 0.657792 0.705605 0.750404 0.791887 0.829823 0.864047 0.894457 0.921001 0.943668 0.962473 0.977449 0.988635 0.996068 0.999777 
0 0.0535105 0.10746 0.162096 0.217497 0.273587 0.330158 0.386889 0.443373 0.499139 0.553685 0.606508 0.657125 0.705098 0.750048 0.791668 0.829721 0.864042 0.894528 0.921128 0.943834 0.962665 0.977657 0.988852 0.996289 1 
0 0.0526421 0.10574 0.159554 0.214175 0.269537 0.325438 0.381563 0.437505 0.492794 0.546926 0.599391 0.649702 0.697413 0.74214 0.783568 0.821457 0.855636 0.885999 0.912494 0.93511 0.953866 0.968797 0.979947 0.987354 0.991049 
0 0.0511814 0.102826 0.155203 0.208415 0.262406 0.316987 0.371856 0.426615 0.480804 0.533925 0.585471 0.634956 0.681932 0.726013 0.766879 0.804282 0.838045 0.868057 0.894258 0.916633 0.935196 0.949977 0.961017 0.968352 0.972012 
0 0.0491076 0.0986748 0.148976 0.200119 0.252064 0.304641 0.357562 0.410452 0.462867 0.514326 0.564335 0.612417 0.658129 0.701084 0.74096 0.777504 0.810531 0.83992 0.865602 0.887552 0.905774 0.920294 0.931143 0.938354 0.941953 
0 0.0464138 0.0932723 0.140846 0.18925 0.238459 0.288321 0.338576 0.388875 0.438803 0.487904 0.535707 0.581752 0.625609 0.666898 0.705295 0.740545 0.772456 0.800894 0.82578 0.847076 0.864775 0.87889 0.889444 0.896462 0.899966 
0 0.0431084 0.0866345 0.130838 0.175837 0.221618 0.268055 0.314916 0.361887 0.40859 0.454603 0.49949 0.542816 0.584172 0.62319 0.659556 0.693011 0.723358 0.750455 0.774209 0.794569 0.811512 0.82504 0.835165 0.841903 0.845267 
0 0.0392153 0.07881 0.119025 0.159976 0.201663 0.243982 0.286735 0.329649 0.372386 0.414572 0.45581 0.495701 0.533867 0.569962 0.603685 0.634782 0.663055 0.688355 0.710579 0.729662 0.745569 0.758286 0.767814 0.774159 0.77733 
0 0.0347739 0.0698788 0.10553 0.141836 0.178805 0.216357 0.25433 0.29249 0.33055 0.368185 0.405048 0.440785 0.475057 0.507548 0.537978 0.56611 0.591748 0.614744 0.634987 0.652404 0.666946 0.678589 0.687323 0.693144 0.696054 
0 0.0298365 0.0599482 0.0905182 0.121643 0.153338 0.185543 0.218127 0.250903 0.283634 0.316048 0.347854 0.37875 0.408444 0.43666 0.463149 0.487696 0.51012 0.530279 0.548062 0.563391 0.576213 0.586494 0.594214 0.599364 0.60194 
0 0.0244658 0.0491467 0.0741898 0.0996758 0.125622 0.151984 0.178665 0.205518 0.232359 0.258971 0.285121 0.310565 0.335064 0.358391 0.380335 0.400713 0.419368 0.436173 0.451026 0.463852 0.474597 0.483223 0.489708 0.494038 0.496204 
0 0.01873 0.0376148 0.0567633 0.0762373 0.0960522 0.116179 0.136548 0.157054 0.177559 0.197906 0.217918 0.237414 0.256211 0.274136 0.291026 0.306738 0.321145 0.334144 0.345651 0.355603 0.36395 0.370659 0.375707 0.37908 0.380768 
0 0.0126983 0.0254943 0.0384591 0.0516339 0.0650303 0.0786307 0.0923904 0.106241 0.120092 0.133841 0.14737 0.16056 0.173288 0.185437 0.196897 0.207568 0.217365 0.226215 0.234058 0.240847 0.246547 0.251131 0.254583 0.25689 0.258046 
0 0.00643588 0.012918 0.0194811 0.0261459 0.0329183 0.03979 0.0467393 0.0537321 0.0607246 0.0676648 0.0744953 0.0811557 0.0875851 0.0937246 0.0995186 0.104917 0.109876 0.114358 0.118333 0.121775 0.124666 0.126993 0.128746 0.129917 0.130504 
0 0 0 0 0 0 0 0 0 0 0 0 0 0 0 0 0 0 0 0 0 0 0 0 0 0 
