0 0 0 0 0 0 0 0 0 0 0 0 0 0 0 0 0 0 0 0 0 0 0 0 0 0 
0 0.000122541 0.000244699 0.000366087 0.000486317 0.000604995 0.000721721 0.000836088 0.000947686 0.0010561 0.00116091 0.0012617 0.00135804 0.00144955 0.0015358 0.00161641 0.00169101 0.00175925 0.0018208 0.00187535 0.00192264 0.00196242 0.0019945 0.0020187 0.00203491 0.00204303 
0 0.000327288 0.000653555 0.000977777 0.00129892 0.00161592 0.00192773 0.00223326 0.00253141 0.00282107 0.00310112 0.00337044 0.00362792 0.00387246 0.00410298 0.00431845 0.00451786 0.00470027 0.00486479 0.00501063 0.00513705 0.00524341 0.00532916 0.00539387 0.0054372 0.00545892 
0 0.000615157 0.00122841 0.00183784 0.00244151 0.00303746 0.00362369 0.00419816 0.00475881 0.00530355 0.00583028 0.00633688 0.00682126 0.00728134 0.0077151 0.00812055 0.00849583 0.00883913 0.00914881 0.00942332 0.00966128 0.0098615 0.0100229 0.0101448 0.0102263 0.0102672 
0 0.00098745 0.00197187 0.00295021 0.00391939 0.00487626 0.00581763 0.00674024 0.00764078 0.00851589 0.00936218 0.0101763 0.0109547 0.0116943 0.0123916 0.0130434 0.0136469 0.0141989 0.014697 0.0151385 0.0155213 0.0158433 0.016103 0.016299 0.0164302 0.016496 
0 0.00144584 0.0028873 0.00431996 0.00573935 0.00714089 0.00851993 0.00987171 0.0111914 0.012474 0.0137147 0.0149083 0.01605 0.0171347 0.0181576 0.019114 0.0199995 0.0208097 0.0215407 0.0221888 0.0227507 0.0232236 0.0236048 0.0238926 0.0240853 0.0241819 
0 0.00199235 0.00397876 0.00595322 0.00790963 0.00984176 0.0117432 0.0136075 0.0154279 0.0171975 0.0189097 0.0205573 0.0221334 0.0236313 0.0250442 0.0263654 0.0275889 0.0287085 0.0297187 0.0306146 0.0313913 0.032045 0.0325721 0.03297 0.0332364 0.03337 
0 0.00262934 0.00525098 0.00785714 0.0104399 0.0129911 0.0155023 0.017965 0.0203703 0.0227093 0.0249729 0.0271517 0.0292365 0.0312183 0.033088 0.0348369 0.0364566 0.0379391 0.039277 0.0404635 0.0414925 0.0423585 0.0430569 0.043584 0.043937 0.044114 
0 0.00335945 0.0067093 0.0100398 0.013341 0.0166026 0.0198139 0.0229641 0.0260419 0.0290357 0.0319338 0.0347243 0.0373952 0.0399348 0.0423314 0.0445737 0.0466508 0.0485523 0.0502687 0.0517911 0.0531114 0.0542228 0.0551192 0.0557958 0.056249 0.0564762 
0 0.00418559 0.00835956 0.0125101 0.0166249 0.0206915 0.0246967 0.0286269 0.0324681 0.0362059 0.0398254 0.0433118 0.0466499 0.0498248 0.0528219 0.0556267 0.0582255 0.0606052 0.0627537 0.0646595 0.0663127 0.0677044 0.068827 0.0696745 0.070242 0.0705266 
0 0.00511087 0.010208 0.0152775 0.0203047 0.0252744 0.0301708 0.0349774 0.039677 0.0442519 0.0486838 0.0529544 0.0570449 0.0609368 0.0646118 0.0680522 0.0712407 0.0741611 0.0767981 0.0791379 0.0811678 0.0828768 0.0842555 0.0852963 0.0859934 0.086343 
0 0.00613852 0.0122613 0.018352 0.0243937 0.0303685 0.0362575 0.042041 0.0476982 0.0532078 0.0585477 0.0636953 0.0686279 0.0733229 0.0777577 0.0819107 0.0857608 0.089288 0.0924737 0.0953008 0.0977539 0.0998194 0.101486 0.102744 0.103587 0.104009 
0 0.00727183 0.014526 0.0217439 0.028906 0.0359917 0.0429788 0.049844 0.0565627 0.0631093 0.0694574 0.0755798 0.0814492 0.087038 0.0923192 0.0972664 0.101854 0.106058 0.109856 0.113227 0.116153 0.118616 0.120604 0.122105 0.123111 0.123615 
0 0.00851399 0.0170085 0.0254629 0.0338552 0.0421616 0.0503565 0.0584128 0.0663016 0.0739926 0.0814542 0.0886543 0.09556 0.102139 0.108358 0.114185 0.119591 0.124546 0.129024 0.132999 0.136449 0.139355 0.1417 0.14347 0.144656 0.145251 
0 0.00986798 0.0197151 0.0295187 0.0392544 0.0488952 0.058412 0.0677734 0.0769456 0.0858931 0.0945789 0.102965 0.111012 0.118681 0.125934 0.132733 0.139042 0.144826 0.150054 0.154696 0.158726 0.16212 0.16486 0.166928 0.168314 0.169009 
0 0.0113364 0.0226509 0.0339195 0.0451151 0.0562079 0.0671647 0.0779494 0.0885231 0.0988444 0.10887 0.118554 0.127853 0.136719 0.145107 0.152973 0.160274 0.16697 0.173023 0.178398 0.183065 0.186996 0.190169 0.192565 0.194171 0.194976 
0 0.0129213 0.0258204 0.038672 0.0514471 0.0641125 0.076631 0.0889615 0.101059 0.112876 0.124361 0.135463 0.146127 0.1563 0.165929 0.174962 0.183348 0.191041 0.197996 0.204173 0.209537 0.214056 0.217703 0.220458 0.222303 0.223229 
0 0.0146237 0.0292259 0.0437805 0.0582566 0.072618 0.086823 0.100825 0.114573 0.128011 0.141081 0.153721 0.16587 0.177465 0.188444 0.198746 0.208314 0.217091 0.225029 0.232079 0.238201 0.243359 0.247522 0.250666 0.252773 0.253829 
0 0.0164439 0.0328678 0.049246 0.0655459 0.0817281 0.0977465 0.113548 0.129075 0.144263 0.159045 0.17335 0.187106 0.20024 0.212681 0.224358 0.235204 0.245157 0.254157 0.262152 0.269094 0.274943 0.279664 0.283229 0.285617 0.286815 
0 0.0183804 0.0367438 0.0550654 0.0733116 0.09144 0.109399 0.127131 0.144567 0.161636 0.17826 0.194356 0.209842 0.224634 0.238649 0.251807 0.26403 0.275247 0.285391 0.294402 0.302225 0.308816 0.314136 0.318153 0.320843 0.322193 
0 0.0204302 0.0408479 0.0612304 0.0815435 0.101742 0.121769 0.141559 0.161036 0.180116 0.19871 0.216725 0.234065 0.250633 0.266334 0.281077 0.294774 0.307342 0.318708 0.328802 0.337566 0.344948 0.350905 0.355403 0.358415 0.359926 
0 0.022588 0.0451699 0.0677262 0.0902229 0.112612 0.134831 0.156806 0.17845 0.19967 0.220362 0.24042 0.259733 0.278192 0.295688 0.312116 0.327377 0.341381 0.354041 0.365284 0.375042 0.383259 0.389889 0.394894 0.398246 0.399927 
0 0.024846 0.0496946 0.0745306 0.0993209 0.124014 0.148543 0.172824 0.19676 0.220242 0.243154 0.265373 0.286774 0.307232 0.326623 0.344829 0.36174 0.377253 0.391274 0.403721 0.414521 0.423613 0.430946 0.43648 0.440186 0.442044 
0 0.0271935 0.0544005 0.0816121 0.108797 0.1359 0.162848 0.189548 0.215889 0.241748 0.266992 0.291482 0.315075 0.33763 0.359006 0.379073 0.397707 0.414793 0.43023 0.443927 0.455807 0.465803 0.473863 0.479944 0.484015 0.486055 
0 0.0296164 0.0592599 0.0889293 0.118595 0.148201 0.177666 0.206884 0.235732 0.26407 0.291746 0.318604 0.34448 0.369215 0.392653 0.414648 0.435062 0.453771 0.470664 0.485645 0.49863 0.509551 0.518351 0.524988 0.52943 0.531656 
0 0.0320967 0.064237 0.0964292 0.128647 0.160831 0.192892 0.224712 0.256153 0.287054 0.317246 0.346549 0.37478 0.401761 0.427317 0.451288 0.473522 0.493885 0.512258 0.528538 0.54264 0.554492 0.564038 0.571233 0.576047 0.578459 
